81
0.002405
0.005409
0.011114
0.020538
0.039428
0.07741
0.160241
0.317579
0.637505
1.27796
162
0.003512
0.007212
0.014596
0.033624
0.055107
0.109285
0.220412
0.435106
0.874481
1.73996
243
0.00403
0.008988
0.018446
0.034271
0.06816
0.139819
0.27314
0.528365
1.06378
2.11068
324
0.005241
0.01089
0.021381
0.04256
0.088416
0.170653
0.347216
0.683366
1.38637
2.76406
405
0.006385
0.012988
0.026065
0.051446
0.100771
0.202917
0.408337
0.813828
1.63458
3.37157
486
0.0094
0.016818
0.032984
0.065833
0.132797
0.265922
0.538801
1.06415
2.22206
4.343
567
0.01049
0.019599
0.038036
0.075331
0.151655
0.306341
0.609002
1.21157
2.45171
4.84715
648
0.011919
0.023687
0.04743
0.095632
0.197267
0.379403
0.767432
1.52375
3.06679
6.02277
729
0.013671
0.027685
0.054427
0.109462
0.233213
0.442295
0.898622
2.21077
3.52018
7.0566
810
0.015944
0.034298
0.066798
0.131365
0.25617
0.521282
1.04806
2.07679
4.14843
8.18616
891
0.017516
0.036299
0.070269
0.14061
0.283408
0.565205
1.14469
2.29271
4.54008
9.11222
972
0.022233
0.043136
0.083233
0.166191
0.333778
0.66816
1.34014
2.67669
5.36903
10.7312
1053
0.025304
0.047426
0.099369
0.183411
0.368805
0.732455
1.4692
2.92938
5.81897
11.6822
1134
0.026632
0.053811
0.106225
0.212469
0.414859
0.83114
1.68232
3.3224
6.64693
13.3201
1215
0.029877
0.05795
0.115791
0.23092
0.460955
0.909438
1.83204
3.64544
7.27144
14.5429
1296
0.032165
0.063149
0.130488
0.261117
0.515261
1.01992
2.04116
4.0879
8.20429
16.4389
1377
0.036961
0.071666
0.141516
0.288158
0.572652
1.1443
2.32489
4.58882
9.17531
18.6137
1458
0.040404
0.078979
0.15712
0.309937
0.622447
1.24924
2.48577
4.95628
9.89974
20.1553
1539
0.042647
0.086555
0.169693
0.341169
0.681958
1.37556
2.75604
5.52232
10.9757
21.9643
1620
0.046186
0.088777
0.182785
0.366377
0.758045
1.45776
2.902
5.81212
11.589
23.1248
1701
0.050965
0.099734
0.197202
0.394449
0.793558
1.59425
3.18782
6.33008
12.6742
25.3704
1782
0.060559
0.105535
0.208842
0.422449
0.838729
1.6785
3.34773
6.69707
13.4206
26.8525
1863
0.061448
0.114718
0.229588
0.460273
0.911276
1.84811
3.69606
7.40559
14.8387
29.4589
1944
0.06322
0.128592
0.240076
0.483891
0.976981
1.94086
3.89057
7.79194
15.567
31.038
2025
0.065693
0.131161
0.259699
0.523252
1.04788
2.08696
4.13488
8.33945
16.6581
33.2396
2106
0.070946
0.139066
0.272031
0.564181
1.09738
2.19951
4.40501
8.78062
17.6265
35.2139
2187
0.076785
0.153844
0.301654
0.603933
1.20765
2.42538
4.75985
9.57417
19.0877
38.1129
2268
0.079022
0.156704
0.312214
0.631659
1.24848
2.49242
4.99681
9.97517
20.0427
39.9562
2349
0.087175
0.169918
0.335693
0.667202
1.33438
2.65982
5.32958
10.6267
21.3345
42.5776
2430
0.085488
0.172095
0.347036
0.684804
1.37099
2.74652
5.49934
10.9909
22.2085
44.4755
2511
0.09377
0.185633
0.377405
0.741102
1.48331
3.00442
6.04902
12.1007
23.987
47.8562
2592
0.100533
0.192608
0.391923
0.787234
1.57421
3.12475
6.26567
12.5321
24.9488
49.7506
2673
0.104547
0.210351
0.413839
0.832761
1.64336
3.30013
6.57536
13.163
26.2297
52.5503
2754
0.111319
0.220977
0.438747
0.87704
1.7337
3.49774
6.95611
13.9394
27.9114
55.6433
2835
0.110749
0.222659
0.44721
0.900405
1.79576
3.6085
7.18526
14.4409
28.789
57.6259
2916
0.118445
0.23511
0.466972
0.942097
1.87941
3.76361
7.53183
15.0528
30.0625
60.3944
2997
0.122778
0.242892
0.47808
0.968997
1.94335
3.89666
7.72101
15.5131
31.0748
61.806
3078
0.133168
0.255874
0.515644
1.0389
2.08318
4.13444
8.29397
16.5612
33.1807
66.5721
3159
0.134851
0.26845
0.533327
1.06263
2.11475
4.40641
8.51129
17.0057
33.952
67.9722
3240
0.13895
0.27531
0.54893
1.10076
2.21021
4.4297
8.84277
17.6818
35.3954
70.8173
3321
0.145711
0.283575
0.569462
1.13443
2.27287
4.51496
9.05493
18.0994
36.1525
72.5371
3402
0.152605
0.298964
0.604859
1.20107
2.39703
4.78895
9.55458
19.1637
38.1535
76.2589
3483
0.154398
0.307692
0.620669
1.22347
2.49437
4.89237
9.75789
19.4773
39.0281
78.1754
3564
0.160466
0.316317
0.626397
1.24938
2.54021
5.03605
10.0745
20.1486
40.3627
80.7574
3645
0.166112
0.329773
0.648635
1.31045
2.63436
5.23602
10.5006
21.0762
41.9823
84.1903
3726
0.179002
0.342786
0.693339
1.37253
2.77917
5.49319
10.9924
22.0699
44.0505
88.2341
3807
0.180746
0.358334
0.719679
1.43919
2.87246
5.76333
11.451
23.0091
46.0265
92.1396
3888
0.188783
0.368131
0.744358
1.47183
2.95425
5.91446
11.8463
23.6312
47.2021
94.321
3969
0.193805
0.386749
0.77326
1.53456
3.05956
6.17593
12.2688
24.7179
49.3311
98.5581
4050
0.200802
0.400423
0.789387
1.58479
3.18008
6.30836
12.6792
25.2887
50.7028
101.427
4131
0.205655
0.412355
0.829981
1.66812
3.3205
6.63241
13.2236
26.3903
52.7983
105.786
4212
0.211259
0.41411
0.835575
1.66658
3.33026
6.68529
13.3096
26.6465
53.2908
106.581
4293
0.217571
0.436429
0.866894
1.74761
3.48007
6.96524
13.8578
27.8017
55.5736
111.287
4374
0.220208
0.4415
0.883969
1.77353
3.53792
7.07036
14.1297
28.2586
56.5088
112.922
4455
0.235554
0.464126
0.923288
1.85056
3.70274
7.41547
14.8147
29.5257
59.1528
118.124
4536
0.235799
0.474438
0.954839
1.88795
3.78295
7.58382
15.1326
32.2468
65.4366
128.303
4617
0.253923
0.504423
1.02605
2.06815
4.04778
8.0768
16.2364
32.568
65.1661
131.096
4698
0.26349
0.520485
1.05048
2.12784
4.23492
8.38333
16.7251
33.6725
67.1779
132.426
4779
0.263565
0.528202
1.0578
2.12454
4.25086
8.42888
17.095
33.7565
67.5097
138.915
4860
0.267972
0.529958
1.10955
2.15758
4.26425
8.67253
17.1914
34.5497
69.2712
137.465
4941
0.28068
0.554776
1.11401
2.24631
4.47773
8.90928
18.3365
35.4864
71.9097
143.789
5022
0.287368
0.57612
1.15232
2.29327
4.56001
9.41357
18.8427
37.0579
73.7533
148.901
5103
0.297363
0.614483
1.19954
2.34134
4.65723
9.28483
18.5988
37.0199
74.9295
149.562
5184
0.303295
0.588152
1.19673
2.36996
4.85002
9.56248
19.081
38.1833
76.411
152.734
5265
0.311579
0.623753
1.26586
2.51101
5.07541
10.0755
20.3153
40.4785
79.5318
159.979
5346
0.31693
0.627305
1.24399
2.49306
4.96897
9.9116
19.9325
40.3947
79.7121
159.616
5427
0.328975
0.673121
1.30489
2.61805
5.17803
10.3577
20.7379
41.8731
83.0064
167.041
5508
0.332194
0.673416
1.37877
2.7228
5.37266
10.7459
21.4922
43.7049
85.752
172.023
5589
0.33853
0.679538
1.36983
2.77319
5.47752
10.9572
21.8443
43.4368
87.0563
174.463
5670
0.350449
0.694185
1.3883
2.80603
5.56204
11.1458
22.1889
44.7594
89.9186
191.674
5751
0.434922
0.896964
1.80184
3.60994
7.12833
14.1358
28.1119
56.7771
113.207
229.466
5832
0.454491
0.898912
1.79995
3.67631
7.26021
14.6898
29.1598
57.9446
103.136
190.146
5913
0.383694
0.743279
1.4911
2.98255
5.94416
11.9428
24.0797
47.661
95.6851
191.066
5994
0.388977
0.792252
1.5414
3.11575
6.1148
12.1902
24.5981
49.9508
99.2783
197.316
6075
0.393341
0.779588
1.56959
3.16305
6.27058
12.6205
25.2635
50.4653
100.488
199.804
6156
0.422596
0.82167
1.63492
3.27646
6.51564
13.2054
26.563
52.1593
102.578
204.595
6237
0.38541
0.774817
1.54693
3.17879
6.27472
12.4451
25.0426
50.4993
100.952
200.976
6318
0.419022
0.813287
1.61494
3.33173
6.51969
13.0232
26.0449
52.2071
106.138
209.734
6399
0.434234
0.880474
1.84002
3.64339
7.02829
14.1638
27.316
54.2092
105.362
210.558
6480
0.409791
0.830017
1.69375
3.32278
6.71908
13.6437
27.2197
54.7507
