81
0.0076062679290771484
0.015181541442871094
0.029927730560302734
0.060366153717041016
0.11999654769897461
0.24403882026672363
0.4728090763092041
0.9484913349151611
1.9073596000671387
3.785411834716797
162
0.013243436813354492
0.026604890823364258
0.05313587188720703
0.10775017738342285
0.21131038665771484
0.42261528968811035
0.8396787643432617
1.6750726699829102
3.362291097640991
6.716582298278809
243
0.021821975708007812
0.04291081428527832
0.08527064323425293
0.17049407958984375
0.3502063751220703
0.6984286308288574
1.3909926414489746
2.795536518096924
5.531548738479614
11.169972896575928
324
0.03212237358093262
0.06367182731628418
0.1353132724761963
0.25469326972961426
0.5167622566223145
1.041813611984253
2.061339855194092
4.132051944732666
8.351626873016357
16.612205028533936
405
0.04354214668273926
0.08884525299072266
0.18062090873718262
0.35999488830566406
0.7152986526489258
1.4349417686462402
2.870081901550293
5.729840278625488
11.463417291641235
23.061947345733643
486
0.05963778495788574
0.11812543869018555
0.24705743789672852
0.4844088554382324
0.9733326435089111
1.9476513862609863
3.8813698291778564
7.724724054336548
15.558953285217285
31.118019580841064
567
0.07215571403503418
0.14443254470825195
0.2988250255584717
0.5896196365356445
1.172410011291504
2.3785176277160645
4.74855899810791
9.402909517288208
18.72161054611206
37.48787474632263
648
0.09379100799560547
0.196488618850708
0.37420129776000977
0.7663977146148682
1.538360595703125
3.0697226524353027
6.096668243408203
12.206413984298706
24.374422073364258
48.641924142837524
729
0.11094236373901367
0.230726957321167
0.4566054344177246
0.9050664901733398
1.8231074810028076
3.6384658813476562
7.347438097000122
14.691303253173828
29.192208766937256
58.69488286972046
810
0.1368727684020996
0.2800147533416748
0.55859375
1.1089770793914795
2.217663288116455
4.483336687088013
8.8560950756073
17.737412929534912
35.69379925727844
71.44716739654541
891
0.16846609115600586
0.3297078609466553
0.6463222503662109
1.3264405727386475
2.655008316040039
5.297352075576782
10.588082075119019
21.014622688293457
42.38181805610657
84.22517228126526
972
0.18759608268737793
0.38037943840026855
0.7576732635498047
1.5089271068572998
2.994816780090332
6.028398513793945
11.998664379119873
24.060258388519287
48.17909622192383
96.1627106666565
1053
0.22509121894836426
0.44434380531311035
0.8886697292327881
1.788201093673706
3.544384002685547
7.161517143249512
14.292957067489624
28.35977077484131
56.73732089996338
114.27758765220642
1134
0.2567126750946045
0.5033185482025146
1.0118961334228516
2.027691602706909
4.0256736278533936
8.148073434829712
16.223402500152588
32.305662393569946
64.71934914588928
129.48163509368896
1215
0.2804996967315674
0.5548980236053467
1.1217882633209229
2.2231156826019287
4.436166048049927
8.874629497528076
17.790602445602417
35.98189306259155
71.43701267242432
142.89172053337097
1296
0.3283820152282715
0.6540558338165283
1.2938728332519531
2.5588066577911377
5.184087038040161
10.343846082687378
20.513204336166382
41.13899636268616
82.6252794265747
164.77595853805542
1377
0.34940481185913086
0.7110154628753662
1.4168474674224854
2.841418504714966
5.70026421546936
11.49162220954895
22.942127227783203
45.699418783187866
91.80237865447998
183.17931485176086
1458
0.4046308994293213
0.8135850429534912
1.6128928661346436
3.226747989654541
6.551484107971191
12.905802011489868
25.625028371810913
51.11998653411865
102.31508088111877
205.88711977005005
1539
0.44655418395996094
0.8780102729797363
1.7393035888671875
3.4995222091674805
6.995866537094116
14.158204793930054
28.314128398895264
56.30283260345459
113.03825974464417
225.55322194099426
1620
0.4715874195098877
0.9591302871704102
1.9197258949279785
3.7789230346679688
7.613493204116821
15.307339668273926
30.736669301986694
61.20760369300842
122.15712356567383
245.76928687095642
1701
0.5327558517456055
1.0736026763916016
2.1380887031555176
4.282644271850586
8.616129636764526
17.21410822868347
34.39627742767334
68.78671312332153
137.42636585235596
273.75849866867065
1782
0.5759479999542236
1.1567726135253906
2.274991750717163
4.54620885848999
9.162574768066406
18.317737817764282
36.8875834941864
73.44971632957458
147.1327292919159
293.0771381855011
1863
0.6270990371704102
1.2650971412658691
2.5362136363983154
5.078163146972656
10.048157215118408
20.15505838394165
40.55094313621521
81.05050563812256
162.14776945114136
324.2465217113495
1944
0.6815974712371826
1.3819639682769775
2.752298593521118
5.463705539703369
10.838956832885742
21.749809741973877
43.67740440368652
87.83856391906738
175.5517680644989
350.4893605709076
2025
0.7291109561920166
1.4557597637176514
2.9216530323028564
5.806864976882935
11.668532609939575
23.21922516822815
46.81064009666443
93.04757356643677
186.68389773368835
374.71423411369324
2106
0.8009724617004395
1.6128764152526855
3.1781773567199707
6.411336660385132
12.953490257263184
25.843864917755127
51.817866563797
103.19721460342407
206.81138849258423
412.89881229400635
2187
0.8451855182647705
1.687406301498413
3.390091896057129
6.777464866638184
13.610380411148071
27.31133460998535
54.80563974380493
108.46339321136475
217.81159114837646
436.3455400466919
2268
0.929051399230957
1.8619458675384521
3.6986892223358154
7.382051944732666
14.753172159194946
29.56340193748474
59.06116557121277
118.42474722862244
237.05696630477905
472.9697575569153
2349
0.9777636528015137
1.9262723922729492
3.8846232891082764
7.765124559402466
15.509933233261108
31.06217122077942
62.29143738746643
124.98726105690002
249.96190428733826
498.88149333000183
2430
1.0580005645751953
2.096630334854126
4.204122066497803
8.39549469947815
16.70525884628296
33.234049797058105
66.62211799621582
133.1134603023529
265.55309653282166
532.3990333080292
2511
1.0991153717041016
2.1855719089508057
4.391839027404785
8.806708097457886
17.728071212768555
35.21003007888794
70.7563419342041
140.78350591659546
281.70445942878723
564.9378452301025
2592
1.1667425632476807
2.3363919258117676
4.708057880401611
9.309273481369019
18.520438194274902
37.02161145210266
74.26723051071167
148.641366481781
296.5021879673004
595.0336110591888
2673
1.2387981414794922
2.4606828689575195
4.955880880355835
9.899733066558838
19.93226909637451
39.577799558639526
79.31988525390625
158.9922661781311
317.1662247180939
635.0538456439972
2754
1.3116936683654785
2.6321632862091064
5.1964943408966064
10.424437761306763
20.868295192718506
41.808804988861084
83.45005083084106
166.80099654197693
333.56166315078735
667.6708562374115
2835
1.3929808139801025
2.7903220653533936
5.512046813964844
11.05316686630249
22.05520009994507
44.34201383590698
87.97494196891785
176.01502799987793
353.5109190940857
706.2809348106384
2916
1.4523279666900635
2.8693225383758545
5.775008201599121
11.498702764511108
22.83926224708557
45.63756442070007
92.16621661186218
184.50098538398743
368.0373966693878
739.5205116271973
2997
1.5332155227661133
3.084428310394287
6.145977735519409
12.285416603088379
24.6273934841156
48.713080644607544
97.94156789779663
196.15440034866333
390.786495923996
782.7381093502045
3078
1.585784912109375
3.1936304569244385
6.432527303695679
12.970854997634888
25.93094253540039
51.63504242897034
103.41594505310059
206.79402112960815
413.56948161125183
828.6153793334961
3159
1.6887614727020264
3.34041690826416
6.705934524536133
13.349510908126831
26.97113800048828
54.013813972473145
107.85636949539185
215.65132069587708
431.178585767746
856.7137224674225
3240
1.745934009552002
3.4670722484588623
6.922670364379883
13.91179871559143
28.09319567680359
56.317747831344604
112.9712450504303
225.35775208473206
450.6451675891876
902.8015191555023
3321
1.875978708267212
3.737614393234253
7.449101686477661
14.845964431762695
29.8136568069458
59.03154015541077
118.66773867607117
237.50854110717773
472.6450138092041
949.635479927063
3402
2.5142364501953125
3.8501813411712646
7.7377612590789795
15.567745923995972
31.014800786972046
61.87405061721802
123.93125319480896
248.06974577903748
496.1599237918854
989.1601843833923
3483
2.042478322982788
4.075467586517334
8.216459035873413
16.291619777679443
32.60580921173096
64.98984122276306
130.19527578353882
260.6665413379669
520.2866454124451
1043.2807388305664
3564
2.094409942626953
4.243907690048218
8.513763427734375
17.00220537185669
34.09260416030884
67.7965157032013
135.76903223991394
271.08034658432007
544.0739576816559
1086.7462785243988
3645
2.2365708351135254
4.4431211948394775
8.81177806854248
17.784644842147827
35.26081299781799
70.506192445755
140.84614157676697
282.0403332710266
564.3224818706512
1135.8253226280212
3726
2.297131299972534
4.542180776596069
9.142696380615234
18.42004680633545
36.6578254699707
73.51084733009338
147.6103959083557
294.07057523727417
588.1550190448761
1175.6687841415405
3807
2.425306797027588
4.81252384185791
9.660089015960693
19.293778657913208
38.403496503829956
77.13724255561829
154.18101167678833
308.12400007247925
616.1045897006989
1232.4474561214447
3888
2.488170623779297
4.966724157333374
9.973597526550293
19.970322847366333
40.04062604904175
79.59285116195679
160.004234790802
319.9798336029053
640.5911061763763
1284.564458847046
3969
2.624256134033203
5.22669792175293
10.446611404418945
20.791152954101562
41.76712441444397
83.43299913406372
166.82334208488464
333.5986170768738
667.55872797966
1333.6048502922058
4050
2.6872379779815674
5.370788812637329
10.789891719818115
21.535305738449097
43.273457765579224
86.40600037574768
173.47706198692322
345.88517665863037
691.1188106536865
1380.232317686081
4131
2.8173248767852783
5.665552854537964
11.237123250961304
22.471345901489258
45.15661883354187
90.23557662963867
180.4486882686615
361.12160992622375
722.5541031360626
1442.3910863399506
4212
2.916259288787842
5.883609771728516
11.7875816822052
23.34442114830017
46.655200719833374
93.26848793029785
186.23238468170166
373.60890769958496
746.1033527851105
1494.559906721115
4293
3.037984609603882
6.019435882568359
11.930461645126343
24.08099365234375
48.75912094116211
97.25305581092834
193.9712462425232
388.05698466300964
775.8646321296692
1552.0616881847382
4374
3.1043403148651123
6.246269941329956
12.577935934066772
25.034385204315186
50.06515550613403
99.9197142124176
200.29974055290222
400.58744382858276
802.1094377040863
1599.2332112789154
4455
3.1946706771850586
6.418042898178101
12.918635606765747
25.753241062164307
51.887640714645386
103.4520959854126
206.038423538208
413.44733023643494
831.4081735610962
1653.5203914642334
4536
3.3576672077178955
6.659489154815674
13.43453311920166
26.779085397720337
53.6853506565094
107.48612332344055
213.2089865207672
427.9747357368469
852.3692696094513
1703.9025144577026
4617
3.456789255142212
6.959953308105469
13.743374824523926
27.768887996673584
55.34879183769226
110.33612084388733
220.21340107917786
442.0597279071808
883.4465179443359
1772.776347398758
4698
3.5568883419036865
7.168865919113159
14.43192195892334
28.852962970733643
57.06001830101013
114.70298743247986
229.56004095077515
458.1086220741272
915.8620975017548
1828.5951449871063
4779
3.675248146057129
7.331399440765381
14.638264656066895
29.346563816070557
58.8211236000061
117.51507902145386
235.55384969711304
468.91215348243713
938.8197531700134
1872.8029608726501
4860
3.7299094200134277
7.48941445350647
15.081090450286865
30.166998147964478
59.93565773963928
120.30034017562866
240.45964670181274
483.7117078304291
969.0935084819794
1937.1508536338806
4941
3.8711624145507812
7.774291276931763
15.755063772201538
31.408689737319946
62.36009907722473
125.08240246772766
251.096195936203
502.467652797699
1005.7375936508179
2009.114912033081
5022
3.984915018081665
7.959346771240234
16.155943632125854
32.47828769683838
64.40009093284607
127.85454630851746
256.2888865470886
512.9930143356323
1023.9330101013184
2052.4990446567535
5103
4.207653760910034
8.390552997589111
16.724215745925903
33.38381052017212
66.55250811576843
133.59930157661438
266.2060196399689
530.1380274295807
1067.482740163803
2124.8940675258636
5184
4.238988637924194
8.643413543701172
17.195785522460938
34.28727173805237
68.66032457351685
136.73455572128296
273.20872926712036
547.2823965549469
1095.967919588089
2191.8257298469543
5265
4.379355192184448
8.804871320724487
17.66801118850708
35.10089111328125
70.52621841430664
141.0226411819458
282.7492413520813
564.642472743988
1131.5311262607574
2257.6415209770203
5346
4.604653835296631
9.193020582199097
18.340596914291382
36.733919858932495
73.4205846786499
146.81412529945374
292.8319933414459
586.3419449329376
1169.637057542801
2341.5744750499725
5427
4.643969535827637
9.30288815498352
18.707624912261963
37.35819721221924
74.9454698562622
149.85067462921143
299.27605175971985
595.9711322784424
1200.2799611091614
2400.790045976639
5508
4.78489351272583
9.61185598373413
19.204864263534546
38.56538510322571
77.05243754386902
153.63877773284912
307.26967215538025
614.9962859153748
1229.4097726345062
2469.9327063560486
5589
4.972481727600098
9.951689004898071
19.8206627368927
39.702380418777466
79.46007871627808
158.53005862236023
317.57865691185
633.3625123500824
1266.9446835517883
2532.716404914856
5670
5.0793235301971436
10.132802486419678
20.450217723846436
40.681785345077515
81.28223586082458
162.7715995311737
325.01454424858093
649.8082580566406
1296.018315076828
2599.829926967621
5751
5.167665481567383
10.537852048873901
20.940080165863037
41.78130745887756
83.52404189109802
166.8884515762329
333.3419268131256
668.6842823028564
1335.991471529007
2680.611140012741
5832
5.28924298286438
10.717974424362183
21.342232704162598
42.7246367931366
85.5221962928772
171.1352949142456
342.7200229167938
683.6687891483307
1368.6472733020782
2736.5759768486023
5913
5.486037492752075
11.02099084854126
21.90312910079956
43.697380781173706
87.83860898017883
175.15965795516968
350.39870953559875
702.5092515945435
1403.2783379554749
2806.506895303726
5994
5.681325197219849
11.19028615951538
22.29085659980774
44.74479031562805
90.10465788841248
180.85121870040894
360.9487359523773
722.6993865966797
1442.5579571723938
2887.56303358078
6075
5.7530035972595215
11.57807970046997
23.34961438179016
46.689950466156006
92.70165228843689
184.64665055274963
370.73822951316833
741.0286576747894
1482.1805973052979
2963.3072607517242
6156
5.956646919250488
11.87730622291565
23.815352201461792
47.34122395515442
95.07265496253967
189.2778079509735
378.26905965805054
757.8485898971558
1516.8316974639893
3038.982602596283
6237
6.065979242324829
12.2491774559021
24.648560047149658
49.02667856216431
98.07169508934021
200.9319989681244
390.53267645835876
781.2074100971222
1562.36013007164
3117.770031929016
6318
6.2136383056640625
12.357853174209595
24.750741720199585
49.52804899215698
99.18346667289734
198.22030901908875
395.41235089302063
792.8498711585999
1584.022432088852
3182.319574356079
6399
6.34583306312561
12.720619678497314
25.409484386444092
50.88590455055237
101.64188003540039
203.4680097103119
406.41079592704773
813.7931063175201
1628.088003873825
3257.9851546287537
6480
6.495160818099976
13.153019428253174
26.24061942100525
52.65203309059143
104.86412024497986
210.2315535545349
419.8445951938629
838.2912797927856
1677.4014539718628
3357.0434415340424
6561
6.654458999633789
13.274470090866089
26.639102935791016
53.29905319213867
108.04750370979309
216.3377170562744
429.94289803504944
858.646094083786
1717.1988365650177
3447.90176320076
6642
6.794130325317383
13.626834869384766
27.18012261390686
54.529759883880615
109.07960391044617
218.1447787284851
436.3108365535736
871.7237231731415
1746.0257632732391
3487.2807416915894
6723
7.005517244338989
14.031272411346436
28.08703851699829
56.03637742996216
112.46023440361023
225.0897240638733
451.2614130973816
899.8150479793549
1799.5932881832123
3602.225118160248
6804
7.206568002700806
14.30738091468811
28.756465673446655
57.6394100189209
115.0116114616394
230.38919949531555
459.63148736953735
934.1938149929047
1839.0982022285461
3682.8553278446198
6885
7.280543804168701
14.577850818634033
29.319896697998047
58.320096015930176
115.8420820236206
232.97004890441895
466.73649430274963
933.8926486968994
1869.0131840705872
3736.5494499206543
6966
7.550135612487793
15.108149290084839
30.09779691696167
60.49792122840881
121.22891235351562
240.91999316215515
481.1974103450775
964.2094008922577
1929.8755071163177
3860.097686767578
7047
7.663949012756348
15.506392240524292
30.78266954421997
61.52765607833862
122.65074825286865
245.53721952438354
490.8858561515808
981.9019868373871
1963.400877714157
3933.248300075531
